200 4 16
1 2 0.2
1 0 1 10 2 4 A 2
2 2 1 8 4 3 A 2
3 1 1 15 2 4 B 3
4 0 1 12 3 4 C 4
5 2 1 10 2 3 D 3
6 1 1 10 4 4 A 2
7 0 1 13 2 4 B 4
8 2 1 10 3 5 D 5
9 1 1 11 2 4 A 3
10 0 1 10 2 4 C 2
11 2 1 13 5 4 B 1
12 1 1 10 2 4 C 2
13 2 2 15 5 4 D 3
14 1 2 15 2 3 A 2
15 4 3 14 2 5 B 3
16 1 3 10 2 4 C 6
17 2 3 15 5 4 D 3
18 3 3 15 2 3 A 4
19 1 3 15 2 3 B 3
20 0 5 10 3 4 C 2
21 2 5 10 2 4 B 1
22 1 5 16 2 3 C 2
23 2 5 15 5 4 D 3
24 1 5 15 2 3 A 3
25 1 5 11 7 3 B 5
26 1 6 10 2 4 C 2
27 2 6 15 5 4 D 5
28 1 6 10 2 3 A 3
29 3 7 15 2 4 B 4
30 4 7 10 2 5 C 4
31 3 7 11 3 4 A 5
32 0 7 10 3 3 B 4
33 4 12 11 3 5 C 3
-1