250 3 10
1 1 2
1 1 1 10 2 3 A 2
2 2 1 10 6 2 A 4
3 1 1 15 4 3 C 3
4 4 2 10 3 3 A 2
5 0 3 12 4 3 C 1
6 2 3 15 3 3 A 4
7 0 4 10 2 4 A 4
8 0 4 10 3 4 B 2
9 1 4 14 2 3 A 3
10 2 4 13 4 2 C 4
11 3 4 10 2 4 B 2
12 0 4 12 3 4 D 3
13 4 5 10 3 5 D 3
14 2 6 10 4 3 D 3
15 1 7 20 2 3 C 2
16 3 7 14 2 4 C 3
17 0 7 10 3 4 A 2
18 1 7 10 4 3 C 2
19 2 7 15 4 3 C 2
20 0 7 17 2 3 B 3
21 2 9 14 3 2 A 3
22 1 9 10 4 3 C 2
23 3 9 12 3 4 D 3
24 4 9 12 2 4 D 3
25 0 12 13 5 3 C 2
26 1 12 17 4 3 D 4
27 2 12 14 3 4 B 2
28 0 12 12 3 4 B 3
29 3 13 16 2 4 B 3
30 4 13 10 2 3 C 4
31 2 13 15 3 4 D 3
32 1 15 12 4 4 A 2
33 2 15 10 4 3 B 2
34 2 15 14 5 2 C 3
35 2 16 15 3 3 B 4
36 2 17 10 4 3 D 5
37 1 17 13 3 4 D 3
38 1 18 12 4 3 C 2
39 0 19 17 4 3 B 2
40 1 20 15 3 3 A 4
41 3 22 12 2 5 D 4
-1