200 3 14
1 0.03 0.01
1 0 1 10 2 4 A 1.0
2 2 1 10 2 4 A 2.0
3 1 1 10 2 4 B 3.0
4 0 1 10 2 4 C 4.0
5 2 1 10 2 4 D 5.0
6 1 1 10 2 4 A 6.0
7 0 1 10 2 4 B 7.0
8 2 1 10 2 4 D 8.0
9 1 1 10 2 4 A 9.0
10 0 1 10 2 4 C 10.0
11 2 1 10 2 4 B 1.0
12 1 1 10 2 4 C 2.0
13 2 2 15 5 4 D 3.0
14 1 2 15 2 3 A 4.0
15 1 3 15 2 3 B 5.0
16 1 3 10 2 4 C 6.0
17 2 3 15 5 4 D 7.0
18 1 3 15 2 3 A 8.0
19 1 3 15 2 3 B 9.0
20 0 5 10 2 4 C 10.0
21 2 5 10 2 4 B 1.0
22 1 5 10 2 4 C 2.0
23 2 5 15 5 4 D 3.0
24 1 5 15 2 3 A 4.0
25 1 5 15 2 3 B 5.0
26 1 6 10 2 4 C 6.0
27 2 6 15 5 4 D 7.0
28 1 6 15 2 3 A 8.0
29 1 7 15 2 3 B 9.0
-1