50 4 5 
1 0.03 0.01
1  1 1 16 10 1 A 3.0
2  1 1 16 10 1 A 3.0
3  2 1 16 10 1 A 3.0
4  2 1 16 10 1 A 3.0
5  1 1 16 10 1 A 5.0
6  1 1 16 10 1 A 3.0
7  2 1 16 10 1 A 2.0
8  2 1 16 10 1 A 5.0
9  2 2 16 6  1 A 2.0
10 1 2 16 4  1 A 5.0
11 1 2 16 4  1 A 3.0
12 3 2 16 1  4 A 5.0
13 2 2 16 10 1 A 5.0
14 3 2 16 1  5 A 2.0
15 1 2 16 4  1 A 3.0
16 1 2 16 4  1 A 5.0
17 3 2 16 4  1 B 3.0
18 1 2 16 4  1 B 3.0
19 1 2 16 4  1 B 3.0
20 3 2 16 2  4 B 3.0
21 2 2 16 10 1 B 3.0
22 1 2 16 6  1 B 3.0
23 1 3 16 4  1 B 3.0
24 1 3 16 7  1 B 3.0
25 2 3 16 4  1 B 3.0
26 3 4 16 6  1 B 3.0
27 1 4 16 4  1 B 3.0
28 1 4 16 4  1 B 3.0
29 3 4 16 1  5 B 3.0
-1

