300 5 20
1 0.2 2
1 0 1 12 3 5 B 2
2 2 1 20 5 3 D 3
3 3 1 12 3 6 D 2
4 4 1 14 3 4 A 5
5 2 3 10 3 3 C 4
6 4 3 15 2 5 A 3
7 2 4 12 8 5 B 5
8 2 5 14 4 5 D 4
9 2 5 10 8 3 B 2
10 3 5 10 2 8 B 3
11 1 6 20 4 5 C 3
12 2 6 14 9 4 A 2
13 3 7 12 1 4 B 1
14 2 7 17 7 5 D 3
15 4 7 10 3 5 D 3
16 0 8 12 2 4 B 1
17 2 9 22 9 3 A 5
18 0 9 13 4 5 B 1
19 1 10 20 8 4 B 5
20 4 10 10 3 6 D 1
21 0 11 19 2 3 D 3
22 1 11 10 9 4 A 1
23 2 11 16 5 4 D 2
24 0 11 17 3 5 C 1
25 3 13 10 2 6 D 5
26 1 13 18 7 5 A 1
27 1 13 13 6 3 C 1
28 3 14 15 3 9 D 2
29 3 15 10 2 5 C 3
30 4 16 14 3 4 B 2
31 2 16 11 5 5 D 2
32 0 16 10 3 5 B 4
33 4 17 16 4 5 C 4
34 4 18 13 3 5 A 5
35 1 18 19 7 3 A 3
36 0 18 11 4 3 A 2
37 3 19 12 2 4 C 3
38 3 20 15 1 3 A 3
39 0 20 16 4 5 C 3
40 1 20 10 4 5 B 3
-1