60 3 20
1 0.2 2
1 0 1 18 3 3 A 1
2 1 1 10 7 5 B 2
3 4 1 19 2 5 A 5
4 1 1 18 8 3 D 5
5 2 2 25 7 5 A 2
6 1 2 17 9 5 D 3
7 2 2 19 2 4 B 4
8 0 2 20 3 4 D 3
9 2 2 17 2 3 B 3
10 2 4 19 8 4 B 3
11 3 4 16 2 6 A 1
12 0 4 10 5 6 D 3
13 3 5 22 1 7 D 4
14 2 5 20 9 5 C 1
15 4 5 19 3 8 A 2
16 1 6 12 7 4 A 5
17 2 6 23 6 4 C 4
18 4 6 13 3 6 C 1
19 3 7 15 2 8 A 3
20 1 7 22 6 4 A 1
21 0 7 13 4 5 D 2
22 3 8 20 2 6 D 3
23 2 8 19 7 4 D 1
24 2 8 15 9 2 B 2
25 0 9 16 3 4 B 5
26 2 9 19 6 4 A 1
27 4 9 17 2 6 A 1
28 3 10 13 2 8 D 1
29 2 10 12 8 5 A 3
30 0 10 13 2 4 C 1
31 0 11 18 3 4 A 2
32 0 11 19 2 5 B 4
33 4 11 16 2 4 D 1
34 3 12 15 2 9 D 4
35 1 12 19 9 4 A 4
36 1 12 18 7 3 D 4
37 2 13 17 7 4 C 4
38 3 13 14 1 7 B 3
39 0 13 12 2 4 A 1
40 2 14 17 7 3 B 2
41 2 14 12 7 4 D 3
42 2 14 19 3 7 B 1
-1