115 5 23
1 0.5 2
1 2 1 18 4 5 C 2
2 2 1 11 6 3 D 2
3 3 1 13 2 8 D 2
4 0 1 16 2 4 A 5
5 1 1 16 3 5 A 3
6 2 1 17 8 5 C 5
7 4 1 19 3 6 B 1
8 2 2 10 4 7 C 1
9 0 3 19 3 7 C 1
10 1 3 13 7 5 C 3
11 2 3 17 9 4 B 4
12 1 3 18 9 4 B 1
13 3 3 11 2 8 C 5
14 4 4 14 3 6 A 3
15 2 4 16 6 4 A 2
16 1 4 19 5 4 A 5
17 2 5 18 4 3 B 4
18 1 5 21 6 4 C 3
19 0 5 14 2 6 A 4
20 2 5 12 2 5 C 3
21 4 5 13 3 7 B 3
22 1 6 23 6 5 C 1
23 1 6 20 7 3 B 5
24 2 6 21 2 4 C 2
25 3 7 15 2 6 A 4
26 2 7 18 6 3 A 3
27 4 7 17 3 8 A 1
28 2 7 14 9 4 C 5
29 0 7 13 2 9 A 5
30 4 7 17 3 6 B 1
31 1 8 12 9 5 D 4
32 1 8 22 5 4 A 2
33 1 9 20 7 3 B 4
34 0 9 11 4 4 B 3
35 0 9 17 1 7 D 2
36 2 9 16 3 7 B 2
37 1 10 10 5 3 A 4
38 3 10 21 1 9 C 3
39 3 10 19 2 9 A 1
40 0 10 16 3 7 B 1
41 4 11 11 2 5 D 1
42 1 11 10 7 4 B 3
43 4 11 12 3 6 C 4
44 1 11 18 3 8 B 3
45 2 12 19 8 4 D 2
46 1 12 10 6 3 A 5
47 1 12 14 6 4 C 5
48 1 12 21 2 7 B 3
49 0 12 17 3 5 D 3
50 0 12 10 2 4 D 1
51 2 13 18 5 3 C 3
52 1 13 11 6 5 A 2
53 4 14 14 4 6 C 2
54 1 14 17 6 4 D 2
55 3 14 19 1 7 D 4
56 4 14 18 3 9 A 2
-1