150 5 15
0.5 1 3
1 1 1 11 5 3 C 4
2 1 1 13 7 4 C 5
3 3 1 12 2 9 C 5
4 2 1 15 5 4 A 2
5 1 2 25 7 3 D 1
6 0 2 15 3 5 D 4
7 2 2 11 8 3 A 4
8 1 2 12 6 3 A 4
9 3 3 22 2 8 C 5
10 0 3 24 3 4 A 2
11 0 3 12 4 6 D 5
12 3 3 16 2 9 C 5
13 0 4 10 4 5 B 5
14 0 4 13 4 3 C 1
15 0 4 16 3 5 A 3
16 1 4 18 6 3 B 3
17 3 5 22 2 6 C 1
18 0 5 12 3 3 A 1
19 1 5 11 8 4 D 4
20 0 5 14 4 3 B 5
21 4 6 20 3 8 A 1
22 3 6 12 2 9 B 3
23 1 6 11 6 3 C 3
24 2 6 17 6 4 D 4
25 4 7 22 2 6 B 1
26 1 7 12 6 4 C 1
27 3 7 10 2 9 C 5
28 4 7 13 2 6 B 3
29 2 8 15 6 3 D 1
30 2 8 21 7 3 A 1
31 1 8 16 6 4 D 5
32 1 8 21 8 4 C 3
33 1 9 19 7 5 A 2
34 3 9 16 2 7 B 1
35 3 9 14 1 7 D 5
36 2 9 16 9 4 B 3
37 2 10 21 7 3 B 2
38 3 10 11 2 9 A 3
39 1 10 10 8 4 D 3
40 0 10 21 3 4 A 5
41 1 11 11 5 3 A 3
42 2 11 23 7 4 D 4
43 1 11 10 7 3 B 1
44 2 11 18 8 4 D 3
45 4 12 23 2 5 D 4
46 4 12 11 3 7 A 5
47 4 12 21 2 8 D 1
48 1 12 11 7 3 B 1
49 3 13 13 2 9 B 4
50 4 13 19 2 8 D 5
51 1 13 14 8 5 C 4
52 2 13 14 4 5 B 5
53 4 14 18 2 6 C 1
54 0 14 18 3 4 A 2
55 2 15 21 7 3 C 1
56 0 15 13 2 4 B 2
57 2 15 10 8 3 A 5
58 4 15 14 2 5 C 2
59 4 16 11 2 6 B 2
60 2 16 16 8 4 D 3
61 2 16 10 8 4 A 4
62 1 16 18 6 3 A 5
63 0 16 20 2 4 C 5
64 1 16 21 7 4 D 4
65 3 17 11 2 8 B 1
66 1 17 18 6 3 B 1
67 2 17 16 8 4 C 2
68 4 18 13 3 7 A 5
69 4 18 12 2 6 D 1
70 3 18 19 2 7 C 3
71 1 18 17 7 4 D 3
72 4 18 16 3 9 A 2
73 0 18 12 3 4 B 3
74 3 19 20 2 7 B 4
75 2 19 17 8 3 C 4
76 1 19 16 6 3 A 1
77 2 19 10 8 4 D 3
78 1 19 12 6 4 D 5
79 1 19 16 8 5 A 2
80 4 19 18 3 6 B 1
-1