35 3 13
3 1 0.4
1 1 1 16 7 4 B 5
2 3 1 17 2 9 B 3
3 0 1 17 2 5 B 4
4 2 1 10 6 4 B 3
5 2 1 16 7 3 D 2
6 4 2 15 3 6 D 1
7 3 2 14 1 8 B 2
8 0 2 16 3 4 A 2
9 2 3 12 5 4 B 1
10 1 4 12 6 3 B 4
11 1 4 16 7 6 B 5
12 3 4 18 1 9 B 4
13 4 4 11 4 9 C 4
14 0 4 19 3 4 A 5
15 0 4 10 3 4 D 3
16 0 5 11 3 8 B 5
17 2 5 18 7 5 A 2
18 0 5 18 3 4 C 4
19 1 5 10 7 3 C 3
20 0 5 13 3 6 B 5
21 4 6 11 3 8 B 2
22 2 6 11 4 6 D 5
23 0 6 14 3 6 C 5
24 1 6 18 7 3 C 4
25 1 6 12 8 4 C 1
26 4 7 10 3 5 B 3
27 3 7 14 1 8 D 1
28 0 8 16 3 4 A 2
29 1 8 16 8 6 D 2
30 2 8 15 5 5 D 1
31 2 8 17 7 4 C 1
-1