250 5 27
0.2 3 0.3
1 4 1 13 2 4 B 5
2 1 1 14 4 5 D 4
3 3 1 17 1 7 C 1
4 1 1 15 8 4 D 2
5 1 2 19 6 2 A 4
6 0 2 18 2 4 B 4
7 2 2 13 5 3 D 3
8 4 2 12 3 7 D 3
9 0 3 18 2 4 A 5
10 3 3 17 2 8 A 3
11 0 3 17 4 5 B 1
12 4 3 20 2 5 B 4
13 1 4 21 4 3 B 5
14 0 4 19 3 4 A 3
15 2 4 17 9 3 D 4
16 1 4 23 8 5 C 2
17 1 5 14 7 5 B 3
18 2 5 13 8 4 D 3
19 3 5 20 1 7 D 1
20 2 5 23 8 5 B 2
21 2 6 13 8 3 D 3
22 0 6 21 4 3 D 1
23 1 6 19 8 3 D 3
24 1 6 17 5 4 C 2
25 2 7 10 5 3 C 2
26 2 7 14 9 4 B 4
27 4 7 16 3 8 A 5
28 3 7 11 2 9 C 1
29 1 8 21 7 4 C 5
30 4 8 11 2 6 D 2
31 0 8 19 4 3 C 4
32 4 8 15 3 6 C 2
33 0 9 17 3 4 C 1
34 1 9 18 9 5 C 3
35 0 9 19 2 4 B 3
36 1 9 15 7 4 B 5
37 3 10 14 2 6 D 5
38 0 10 17 4 5 D 4
39 3 10 12 2 9 D 3
40 0 10 21 3 4 A 2
41 1 11 11 6 3 A 3
42 0 11 17 4 5 D 1
43 2 11 20 4 3 A 5
44 3 11 15 1 7 C 1
45 1 12 13 4 3 C 1
46 4 12 22 2 5 A 3
47 1 12 12 5 3 C 3
48 4 12 20 2 5 C 2
49 1 13 17 6 4 B 5
50 2 13 14 5 3 D 1
51 2 13 19 5 4 A 5
-1